Time,CH1,CH2
-0.0032,-1.8,-0.008
-0.0031968,-1.76,-0.008
-0.0031936,-1.78,0.008
-0.0031904000000000004,-1.78,0.032
-0.0031872000000000003,-1.8,0.0
-0.003184,-1.78,0.032
-0.0031808,-1.78,0.008
-0.0031776,-1.78,-0.008
-0.0031744,-1.76,0.0
-0.0031712000000000003,-1.8,-0.008
-0.0031680000000000002,-1.78,0.008
-0.0031648,-1.78,0.008
-0.0031616,-1.78,0.008
-0.0031584,-1.78,0.016
-0.0031552000000000004,-1.78,0.008
-0.0031520000000000003,-1.76,0.0
-0.0031488,-1.78,-0.016
-0.0031456,-1.78,-0.024
-0.0031424,-1.78,0.008
-0.0031392,-1.76,0.0
-0.0031360000000000003,-1.78,0.0
-0.0031328000000000003,-1.78,0.008
-0.0031296,-1.78,-0.04
-0.0031264,-1.78,0.0
-0.0031232,-1.78,-0.016
-0.0031200000000000004,-1.78,-0.008
-0.0031168000000000003,-1.78,0.008
-0.0031136000000000002,-1.78,0.0
-0.0031104,-1.78,0.016
-0.0031072,-1.78,-0.024
-0.003104,-1.78,0.008
-0.0031008000000000003,-1.8,-0.008
-0.0030976000000000003,-1.76,0.008
-0.0030944,-1.76,0.008
-0.0030912,-1.78,0.016
-0.003088,-1.78,0.008
-0.0030848,-1.76,0.016
-0.0030816000000000003,-1.76,-0.016
-0.0030784000000000002,-1.78,-0.008
-0.0030752,-1.78,-0.008
-0.003072,-1.8,-0.008
-0.0030688,-1.78,0.024
-0.0030656000000000004,-1.78,0.0
-0.0030624000000000003,-1.78,0.024
-0.0030592,-1.78,0.0
-0.003056,-1.78,0.0
-0.0030528,-1.76,0.008
-0.0030496,-1.76,-0.008
-0.0030464000000000003,-1.78,0.016
-0.0030432000000000002,-1.78,0.016
-0.00304,-1.78,0.024
-0.0030368,-1.78,0.0
-0.0030336,-1.76,-0.008
-0.0030304,-1.78,0.008
-0.0030272000000000003,-1.78,-0.008
-0.003024,-1.78,0.016
-0.0030208,-1.78,0.016
-0.0030176,-1.78,0.008
-0.0030144,-1.78,-0.008
-0.0030112000000000003,-1.78,-0.008
-0.0030080000000000003,-1.8,-0.016
-0.0030048,-1.78,0.0
-0.0030016,-1.78,-0.016
-0.0029984,-1.78,0.008
-0.0029952,-1.76,0.016
-0.0029920000000000003,-1.78,-0.008
-0.0029888000000000002,-1.76,0.008
-0.0029856,-1.78,-0.032
-0.0029824,-1.78,0.0
-0.0029792,-1.78,0.0
-0.0029760000000000003,-1.76,-0.008
-0.0029728000000000003,-1.76,0.008
-0.0029696,-1.78,0.0
-0.0029664,-1.78,0.008
-0.0029632,-1.76,-0.032
-0.00296,-1.76,0.0
-0.0029568000000000003,-1.76,-0.008
-0.0029536000000000002,-1.78,0.0
-0.0029504,-1.78,0.008
-0.0029472,-1.78,0.0
-0.002944,-1.76,0.008
-0.0029408000000000004,-1.78,0.016
-0.0029376000000000003,-1.76,0.0
-0.0029344,-1.78,0.0
-0.0029312,-1.76,0.008
-0.002928,-1.8,0.0
-0.0029248,-1.78,0.016
-0.0029216000000000003,-1.78,0.008
-0.0029184000000000002,-1.78,0.04
-0.0029152,-1.76,0.0
-0.002912,-1.8,0.0
-0.0029088,-1.76,0.008
-0.0029056000000000004,-1.78,-0.008
-0.0029024000000000003,-1.78,0.032
-0.0028992,-1.8,0.008
-0.002896,-1.78,0.032
-0.0028928,-1.76,0.008
-0.0028896,-1.76,0.008
-0.0028864000000000003,-1.78,0.008
-0.0028832000000000003,-1.8,-0.008
-0.00288,-1.78,0.008
-0.0028768,-1.78,0.008
-0.0028736,-1.78,0.016
-0.0028704000000000004,-1.76,0.008
-0.0028672000000000003,-1.78,0.0
-0.0028640000000000002,-1.8,-0.008
-0.0028608,-1.76,0.008
-0.0028576,-1.78,-0.016
-0.0028544,-1.78,0.0
-0.0028512000000000003,-1.76,0.008
-0.0028480000000000003,-1.8,0.016
-0.0028448,-1.76,0.008
-0.0028416,-1.8,-0.024
-0.0028384,-1.76,0.0
-0.0028352000000000004,-1.78,-0.024
-0.0028320000000000003,-1.8,0.0
-0.0028288000000000002,-1.76,0.0
-0.0028256,-1.8,-0.024
-0.0028224,-1.76,0.008
-0.0028192,-1.78,-0.032
-0.002816,-1.76,-0.008
-0.0028128000000000003,-1.78,-0.016
-0.0028096,-1.78,-0.008
-0.0028064,-1.78,0.0
-0.0028032,-1.78,0.008
-0.0028000000000000004,-1.78,0.0
-0.0027968000000000003,-1.78,0.0
-0.0027936000000000002,-1.78,-0.008
-0.0027904,-1.78,0.0
-0.0027872,-1.78,-0.008
-0.002784,-1.8,-0.008
-0.0027808,-1.78,0.016
-0.0027776000000000003,-1.78,0.0
-0.0027744,-1.78,0.032
-0.0027712,-1.76,0.0
-0.002768,-1.8,0.0
-0.0027648000000000004,-1.76,0.0
-0.0027616000000000003,-1.78,-0.008
-0.0027584000000000003,-1.78,0.056
-0.0027552,-1.8,0.0
-0.002752,-1.78,0.032
-0.0027488,-1.78,-0.008
-0.0027456,-1.8,-0.008
-0.0027424000000000003,-1.76,0.0
-0.0027392000000000002,-1.78,0.016
-0.002736,-1.78,0.008
-0.0027328,-1.78,0.016
-0.0027296,-1.78,0.016
-0.0027264000000000004,-1.78,0.0
-0.0027232000000000003,-1.76,0.0
-0.00272,-1.8,-0.008
-0.0027168,-1.78,0.0
-0.0027136,-1.78,-0.016
-0.0027104,-1.78,0.016
-0.0027072000000000003,-1.76,0.008
-0.0027040000000000002,-1.8,0.0
-0.0027008,-1.78,0.008
-0.0026976,-1.78,-0.016
-0.0026944000000000004,-1.78,0.008
-0.0026912000000000004,-1.78,-0.024
-0.0026880000000000003,-1.76,-0.008
-0.0026848,-1.78,0.016
-0.0026816,-1.78,0.008
-0.0026784,-1.78,0.016
-0.0026752,-1.78,-0.024
-0.0026720000000000003,-1.78,0.0
-0.0026688000000000003,-1.78,-0.016
-0.0026656,-1.78,0.0
-0.0026624,-1.76,0.008
-0.0026592,-1.78,0.008
-0.0026560000000000004,-1.76,0.0
-0.0026528000000000003,-1.78,0.008
-0.0026496000000000002,-1.76,-0.008
-0.0026464,-1.78,0.0
-0.0026432,-1.78,0.0
-0.00264,-1.78,0.0
-0.0026368,-1.76,0.024
-0.0026336000000000003,-1.78,0.0
-0.0026304,-1.78,0.032
-0.0026272,-1.78,0.0
-0.002624,-1.78,0.0
-0.0026208000000000004,-1.8,0.008
-0.0026176000000000003,-1.78,-0.008
-0.0026144000000000002,-1.78,0.024
-0.0026112,-1.78,0.008
-0.002608,-1.8,0.024
-0.0026048,-1.78,0.008
-0.0026016,-1.78,-0.008
-0.0025984000000000003,-1.76,0.0
-0.0025952,-1.78,-0.008
-0.002592,-1.78,0.008
-0.0025888,-1.76,0.008
-0.0025856000000000004,-1.78,0.024
-0.0025824000000000003,-1.78,0.016
-0.0025792000000000002,-1.78,0.0
-0.002576,-1.78,-0.008
-0.0025728,-1.8,0.008
-0.0025696,-1.78,-0.016
-0.0025664,-1.78,-0.008
-0.0025632000000000003,-1.78,0.008
-0.00256,-1.78,0.0
-0.0025568,-1.78,0.0
-0.0025536,-1.78,-0.032
-0.0025504000000000004,-1.76,0.008
-0.0025472000000000003,-1.78,-0.016
-0.0025440000000000003,-1.78,0.0
-0.0025408,-1.78,0.0
-0.0025376,-1.76,0.0
-0.0025344,-1.76,0.008
-0.0025312,-1.76,-0.04
-0.0025280000000000003,-1.76,-0.016
-0.0025248000000000002,-1.78,-0.016
-0.0025216,-1.78,-0.008
-0.0025184,-1.76,0.008
-0.0025152000000000004,-1.78,0.008
-0.0025120000000000003,-1.78,0.008
-0.0025088000000000003,-1.76,0.008
-0.0025056,-1.78,-0.008
-0.0025024,-1.8,-0.008
-0.0024992,-1.78,-0.008
-0.002496,-1.78,0.0
-0.0024928000000000003,-1.76,0.04
-0.0024896000000000002,-1.78,0.008
-0.0024864,-1.76,0.04
-0.0024832,-1.78,-0.008
-0.0024800000000000004,-1.78,-0.016
-0.0024768000000000004,-1.76,0.0
-0.0024736000000000003,-1.76,-0.008
-0.0024704,-1.78,0.04
-0.0024672,-1.8,0.008
-0.002464,-1.78,0.032
-0.0024608,-1.76,0.008
-0.0024576000000000003,-1.8,-0.008
-0.0024544000000000002,-1.78,0.008
-0.0024512,-1.78,-0.008
-0.002448,-1.78,-0.008
-0.0024448000000000004,-1.8,0.008
-0.0024416000000000004,-1.76,0.008
-0.0024384000000000003,-1.78,0.0
-0.0024352,-1.76,0.008
-0.002432,-1.78,-0.008
-0.0024288,-1.76,0.0
-0.0024256,-1.78,-0.016
-0.0024224000000000003,-1.78,0.008
-0.0024192000000000003,-1.76,0.008
-0.002416,-1.8,0.008
-0.0024128,-1.76,0.008
-0.0024096000000000005,-1.78,-0.024
-0.0024064000000000004,-1.78,0.0
-0.0024032000000000003,-1.76,-0.032
-0.0024000000000000002,-1.78,0.0
-0.0023968,-1.78,0.016
-0.0023936,-1.8,0.0
-0.0023904,-1.76,0.016
-0.0023872000000000003,-1.78,-0.024
-0.0023840000000000003,-1.76,-0.008
-0.0023808,-1.76,-0.016
-0.0023776,-1.76,0.0
-0.0023744,-1.76,0.016
-0.0023712000000000004,-1.76,0.008
-0.0023680000000000003,-1.76,0.0
-0.0023648000000000002,-1.76,-0.008
-0.0023616,-1.78,0.0
-0.0023584,-1.78,0.008
-0.0023552,-1.78,0.016
-0.002352,-1.78,0.0
-0.0023488000000000003,-1.76,0.024
-0.0023456,-1.76,-0.008
-0.0023424,-1.76,0.024
-0.0023392,-1.76,0.008
-0.0023360000000000004,-1.78,0.0
-0.0023328000000000003,-1.78,0.0
-0.0023296000000000002,-1.8,-0.008
-0.0023264,-1.76,0.032
-0.0023232,-1.76,0.008
-0.00232,-1.8,0.032
-0.0023168,-1.78,0.0
-0.0023136000000000003,-1.78,0.0
-0.0023104,-1.78,-0.008
-0.0023072,-1.78,-0.016
-0.002304,-1.78,0.008
-0.0023008000000000004,-1.78,0.0
-0.0022976000000000003,-1.78,0.016
-0.0022944000000000003,-1.78,0.008
-0.0022912,-1.78,-0.008
-0.002288,-1.78,-0.008
-0.0022848,-1.78,-0.008
-0.0022816,-1.78,-0.016
-0.0022784000000000003,-1.78,-0.008
-0.0022752000000000002,-1.76,0.0
-0.002272,-1.78,-0.008
-0.0022688,-1.76,0.016
-0.0022656000000000004,-1.78,-0.032
-0.0022624000000000003,-1.78,0.0
-0.0022592000000000003,-1.76,-0.024
-0.002256,-1.78,0.0
-0.0022528,-1.76,0.0
-0.0022496,-1.8,0.0
-0.0022464,-1.78,0.0
-0.0022432000000000003,-1.78,-0.032
-0.0022400000000000002,-1.76,-0.008
-0.0022368,-1.78,-0.008
-0.0022336,-1.76,0.0
-0.0022304000000000004,-1.76,0.008
-0.0022272000000000004,-1.76,0.008
-0.0022240000000000003,-1.78,0.0
-0.0022208,-1.76,0.0
-0.0022176,-1.78,-0.008
-0.0022144,-1.8,0.0
-0.0022112,-1.76,-0.008
-0.002208,-1.78,0.0
-0.0022048000000000002,-1.78,0.032
-0.0022016,-1.78,-0.008
-0.0021984,-1.76,0.032
-0.0021952000000000004,-1.8,-0.008
-0.0021920000000000004,-1.8,-0.008
-0.0021888000000000003,-1.78,0.0
-0.0021856,-1.78,0.0
-0.0021824,-1.8,0.016
-0.0021792,-1.78,0.0
-0.002176,-1.78,0.024
-0.0021728,-1.78,0.0
-0.0021696000000000003,-1.8,-0.008
-0.0021664,-1.78,0.0
-0.0021632,-1.76,0.0
-0.0021600000000000005,-1.8,0.016
-0.0021568000000000004,-1.8,0.016
-0.0021536000000000003,-1.78,0.016
-0.0021504000000000002,-1.76,0.008
-0.0021472,-1.78,0.008
-0.002144,-1.78,-0.008
-0.0021408,-1.78,0.008
-0.0021376,-1.78,-0.008
-0.0021344000000000003,-1.8,0.008
-0.0021312,-1.78,0.0
-0.002128,-1.78,0.0
-0.0021248000000000005,-1.78,0.008
-0.0021216000000000004,-1.78,-0.016
-0.0021184000000000003,-1.8,-0.008
-0.0021152000000000002,-1.76,-0.016
-0.002112,-1.76,0.0
-0.0021088,-1.76,0.0
-0.0021056,-1.76,0.0
-0.0021024,-1.78,0.008
-0.0020992000000000003,-1.78,-0.016
-0.002096,-1.78,0.0
-0.0020928,-1.78,0.008
-0.0020896000000000005,-1.76,0.0
-0.0020864000000000004,-1.76,0.0
-0.0020832000000000003,-1.78,0.0
-0.0020800000000000003,-1.78,-0.008
-0.0020768,-1.76,-0.008
-0.0020736,-1.78,-0.008
-0.0020704,-1.78,0.0
-0.0020672,-1.76,0.0
-0.0020640000000000003,-1.78,0.008
-0.0020608000000000002,-1.76,0.016
-0.0020576,-1.76,0.008
-0.0020544000000000005,-1.76,0.024
-0.0020512000000000004,-1.76,-0.008
-0.0020480000000000003,-1.8,-0.008
-0.0020448000000000003,-1.76,-0.008
-0.0020416,-1.78,0.0
-0.0020384,-1.78,0.024
-0.0020352,-1.78,-0.008
-0.002032,-1.8,0.032
-0.0020288000000000003,-1.78,0.008
-0.0020256000000000002,-1.78,0.0
-0.0020224,-1.78,0.008
-0.0020192000000000005,-1.78,-0.008
-0.0020160000000000004,-1.78,0.0
-0.0020128000000000004,-1.78,0.008
-0.0020096000000000003,-1.78,0.008
-0.0020064,-1.76,0.008
-0.0020032,-1.76,0.008
-0.002,-1.78,0.0
-0.0019968,-1.8,-0.008
-0.0019936,-1.8,-0.032
-0.0019904000000000002,-1.78,0.0
-0.0019872,-1.76,0.0
-0.0019840000000000005,-1.78,0.0
-0.0019808000000000004,-1.76,0.0
-0.0019776000000000004,-1.78,-0.024
-0.0019744000000000003,-1.78,0.008
-0.0019712,-1.78,-0.016
-0.001968,-1.8,0.0
-0.0019648,-1.76,0.0
-0.0019616,-1.78,0.008
-0.0019584,-1.76,0.008
-0.0019552000000000003,-1.78,-0.032
-0.0019520000000000002,-1.78,0.0
-0.0019488000000000003,-1.78,-0.016
-0.0019456000000000002,-1.76,0.0
-0.0019424000000000002,-1.78,0.008
-0.0019392000000000003,-1.78,0.016
-0.0019360000000000002,-1.76,0.0
-0.0019328000000000001,-1.76,-0.008
-0.0019296000000000003,-1.76,0.0
-0.0019264000000000002,-1.8,-0.008
-0.0019232000000000001,-1.78,0.0
-0.0019200000000000003,-1.78,0.0
-0.0019168000000000002,-1.76,0.016
-0.0019136000000000001,-1.78,-0.008
-0.0019104000000000002,-1.78,0.016
-0.0019072000000000002,-1.78,0.0
-0.0019040000000000003,-1.78,0.0
-0.0019008000000000002,-1.78,0.0
-0.0018976000000000002,-1.78,0.0
-0.0018944000000000003,-1.78,0.032
-0.0018912000000000002,-1.76,0.0
-0.0018880000000000001,-1.78,0.032
-0.0018848000000000003,-1.8,0.0
-0.0018816000000000002,-1.78,0.0
-0.0018784000000000001,-1.78,0.0
-0.0018752000000000003,-1.78,-0.008
-0.0018720000000000002,-1.8,0.032
-0.0018688000000000003,-1.78,0.016
-0.0018656000000000002,-1.78,0.016
-0.0018624000000000002,-1.8,0.008
-0.0018592000000000003,-1.78,-0.008
-0.0018560000000000002,-1.8,-0.016
-0.0018528000000000001,-1.76,0.0
-0.0018496000000000003,-1.8,-0.024
-0.0018464000000000002,-1.8,0.0
-0.0018432000000000001,-1.76,0.0
-0.0018400000000000003,-1.8,0.0
-0.0018368000000000002,-1.76,0.0
-0.0018336000000000001,-1.8,-0.032
-0.0018304000000000003,-1.78,0.0
-0.0018272000000000002,-1.76,-0.016
-0.0018240000000000003,-1.78,-0.008
-0.0018208000000000002,-1.78,0.0
-0.0018176000000000002,-1.8,0.0
-0.0018144000000000003,-1.76,0.016
-0.0018112000000000002,-1.78,-0.016
-0.0018080000000000001,-1.78,0.0
-0.0018048000000000003,-1.76,-0.016
-0.0018016000000000002,-1.76,0.008
-0.0017984000000000001,-1.76,0.008
-0.0017952000000000003,-1.76,-0.008
-0.0017920000000000002,-1.78,0.0
-0.0017888000000000001,-1.78,-0.016
-0.0017856000000000003,-1.78,-0.008
-0.0017824000000000002,-1.78,-0.016
-0.0017792000000000003,-1.78,0.0
-0.0017760000000000002,-1.8,0.008
-0.0017728000000000002,-1.76,0.024
-0.0017696000000000003,-1.78,0.0
-0.0017664000000000002,-1.78,0.032
-0.0017632000000000001,-1.78,-0.016
-0.0017600000000000003,-1.78,-0.016
-0.0017568000000000002,-1.78,0.0
-0.0017536000000000001,-1.8,0.0
-0.0017504000000000003,-1.76,0.016
-0.0017472000000000002,-1.8,0.0
-0.0017440000000000003,-1.78,0.032
-0.0017408000000000002,-1.78,0.008
-0.0017376000000000002,-1.76,0.008
-0.0017344000000000003,-1.78,0.0
-0.0017312000000000002,-1.8,0.0
-0.0017280000000000002,-1.8,0.008
-0.0017248000000000003,-1.78,0.008
-0.0017216000000000002,-1.78,0.016
-0.0017184000000000001,-1.8,0.008
-0.0017152000000000003,-1.78,0.0
-0.0017120000000000002,-1.76,-0.008
-0.0017088000000000001,-1.8,-0.016
-0.0017056000000000003,-1.78,-0.016
-0.0017024000000000002,-1.78,0.008
-0.0016992000000000003,-1.76,0.008
-0.0016960000000000002,-1.78,0.0
-0.0016928000000000002,-1.78,0.008
-0.0016896000000000003,-1.78,-0.016
-0.0016864000000000002,-1.78,-0.008
-0.0016832000000000001,-1.78,-0.024
-0.0016800000000000003,-1.76,0.0
-0.0016768000000000002,-1.76,0.008
-0.0016736000000000001,-1.8,-0.016
-0.0016704000000000003,-1.8,0.008
-0.0016672000000000002,-1.78,-0.032
-0.0016640000000000001,-1.76,0.0
-0.0016608000000000003,-1.8,-0.016
-0.0016576000000000002,-1.8,-0.008
-0.0016544000000000003,-1.78,0.008
-0.0016512000000000002,-1.78,0.008
-0.0016480000000000002,-1.8,-0.008
-0.0016448000000000003,-1.78,-0.016
-0.0016416000000000002,-1.76,-0.008
-0.0016384000000000001,-1.78,-0.008
-0.0016352000000000003,-1.78,-0.008
-0.0016320000000000002,-1.8,0.008
-0.0016288000000000001,-1.76,0.024
-0.0016256000000000003,-1.78,-0.016
-0.0016224000000000002,-1.76,0.024
-0.0016192000000000003,-1.78,-0.008
-0.0016160000000000002,-1.78,-0.008
-0.0016128000000000002,-1.76,0.008
-0.0016096000000000003,-1.76,-0.008
-0.0016064000000000002,-1.78,0.048
-0.0016032000000000002,-1.78,0.0
-0.0016000000000000003,-1.78,0.04
-0.0015968000000000002,-1.78,0.0
-0.0015936000000000001,-1.78,-0.008
-0.0015904000000000003,-1.78,0.0
-0.0015872000000000002,-1.78,-0.008
-0.0015840000000000001,-1.78,0.0
-0.0015808000000000003,-1.78,0.016
-0.0015776000000000002,-1.78,0.016
-0.0015744000000000003,-1.8,0.0
-0.0015712000000000002,-1.76,0.0
-0.0015680000000000002,-1.78,0.0
-0.0015648000000000003,-1.76,0.0
-0.0015616000000000002,-1.78,-0.032
-0.0015584000000000001,-1.8,-0.016
-0.0015552000000000003,-1.76,0.008
-0.0015520000000000002,-1.8,0.008
-0.0015488000000000001,-1.76,0.0
-0.0015456000000000003,-1.8,-0.016
-0.0015424000000000002,-1.76,0.008
-0.0015392000000000003,-1.8,-0.024
-0.0015360000000000003,-1.78,0.0
-0.0015328000000000002,-1.78,0.008
-0.0015296000000000003,-1.78,0.0
-0.0015264000000000002,-1.76,0.016
-0.0015232000000000002,-1.78,-0.032
-0.0015200000000000003,-1.78,-0.008
-0.0015168000000000002,-1.8,-0.04
-0.0015136000000000001,-1.76,-0.008
-0.0015104000000000003,-1.76,0.008
-0.0015072000000000002,-1.76,0.008
-0.0015040000000000001,-1.78,0.008
-0.0015008000000000003,-1.76,-0.016
-0.0014976000000000002,-1.76,-0.008
-0.0014944000000000003,-1.8,-0.008
-0.0014912000000000003,-1.78,0.0
-0.0014880000000000002,-1.78,0.008
-0.0014848000000000003,-1.76,0.016
-0.0014816000000000002,-1.78,0.008
-0.0014784000000000002,-1.76,0.016
-0.0014752000000000003,-1.78,-0.008
-0.0014720000000000002,-1.78,-0.008
-0.0014688000000000001,-1.78,0.0
-0.0014656000000000003,-1.8,-0.008
-0.0014624000000000002,-1.76,0.032
-0.0014592000000000003,-1.76,-0.008
-0.0014560000000000003,-1.78,0.032
-0.0014528000000000002,-1.8,-0.016
-0.0014496000000000003,-1.78,-0.008
-0.0014464000000000002,-1.78,0.0
-0.0014432000000000002,-1.78,-0.008
-0.0014400000000000003,-1.8,0.016
-0.0014368000000000002,-1.78,0.008
-0.0014336000000000002,-1.78,0.024
-0.0014304000000000003,-1.78,0.016
-0.0014272000000000002,-1.78,-0.008
-0.0014240000000000001,-1.78,-0.008
-0.0014208000000000003,-1.78,0.0
-0.0014176000000000002,-1.78,-0.008
-0.0014144000000000003,-1.78,0.0
-0.0014112000000000003,-1.76,0.0
-0.0014080000000000002,-1.78,-0.008
-0.0014048000000000003,-1.76,0.0
-0.0014016000000000002,-1.8,-0.016
-0.0013984000000000002,-1.78,0.008
-0.0013952000000000003,-1.78,-0.024
-0.0013920000000000002,-1.8,0.0
-0.0013888000000000001,-1.76,0.016
-0.0013856000000000003,-1.78,0.008
-0.0013824000000000002,-1.78,0.016
-0.0013792000000000001,-1.78,-0.032
-0.0013760000000000003,-1.76,0.0
-0.0013728000000000002,-1.78,-0.016
-0.0013696000000000003,-1.78,-0.008
-0.0013664000000000003,-1.76,0.0
-0.0013632000000000002,-1.78,0.0
-0.0013600000000000003,-1.76,-0.008
-0.0013568000000000002,-1.76,-0.016
-0.0013536000000000002,-1.78,0.0
-0.0013504000000000003,-1.76,0.0
-0.0013472000000000002,-1.78,-0.008
-0.0013440000000000001,-1.78,0.008
-0.0013408000000000003,-1.76,0.016
-0.0013376000000000002,-1.8,0.0
-0.0013344000000000003,-1.76,0.024
-0.0013312000000000003,-1.76,0.008
-0.0013280000000000002,-1.8,-0.008
-0.0013248000000000003,-1.76,0.0
-0.0013216000000000002,-1.78,0.008
-0.0013184000000000002,-1.76,0.048
-0.0013152000000000003,-1.78,0.0
-0.0013120000000000002,-1.78,0.032
-0.0013088000000000002,-1.78,-0.008
-0.0013056000000000003,-1.78,-0.008
-0.0013024000000000002,-1.76,0.008
-0.0012992000000000001,-1.8,0.0
-0.0012960000000000003,-1.8,-0.008
-0.0012928000000000002,-1.78,0.016
-0.0012896000000000003,-1.78,0.008
-0.0012864000000000003,-1.78,0.008
-0.0012832000000000002,-1.76,0.0
-0.0012800000000000003,-1.76,0.0
-0.0012768000000000002,-1.78,0.0
-0.0012736000000000002,-1.78,-0.008
-0.0012704000000000003,-1.78,0.0
-0.0012672000000000002,-1.78,0.008
-0.0012640000000000001,-1.78,0.008
-0.0012608000000000003,-1.76,0.008
-0.0012576000000000002,-1.78,-0.016
-0.0012544000000000001,-1.76,0.008
-0.0012512000000000003,-1.78,-0.032
-0.0012480000000000002,-1.78,0.0
-0.0012448000000000003,-1.76,0.0
-0.0012416000000000003,-1.78,0.0
-0.0012384000000000002,-1.78,0.008
-0.0012352,-1.78,-0.032
-0.0012320000000000005,-1.76,0.0
-0.0012288000000000004,-1.78,-0.008
-0.0012256000000000003,-1.76,0.0
-0.0012224000000000002,-1.78,0.008
-0.0012192000000000001,-1.78,0.0
-0.001216,-1.78,0.008
-0.0012128000000000004,-1.76,-0.016
-0.0012096000000000003,-1.76,0.0
-0.0012064000000000003,-1.78,0.008
-0.0012032000000000002,-1.78,-0.008
-0.0012000000000000001,-1.76,0.016
-0.0011968,-1.78,0.016
-0.0011936000000000004,-1.76,0.0
-0.0011904000000000003,-1.78,0.024
-0.0011872000000000002,-1.76,0.0
-0.0011840000000000002,-1.78,0.008
-0.0011808,-1.76,0.008
-0.0011776000000000004,-1.78,-0.008
-0.0011744000000000004,-1.76,0.032
-0.0011712000000000003,-1.78,0.0
-0.0011680000000000002,-1.78,0.024
-0.0011648000000000001,-1.78,0.0
-0.0011616,-1.78,-0.008
-0.0011584000000000004,-1.8,0.008
-0.0011552000000000003,-1.78,-0.008
-0.0011520000000000002,-1.8,0.016
-0.0011488000000000002,-1.78,0.008
-0.0011456,-1.8,0.016
-0.0011424000000000004,-1.78,0.008
-0.0011392000000000004,-1.78,0.0
-0.0011360000000000003,-1.76,0.008
-0.0011328000000000002,-1.78,0.0
-0.0011296000000000001,-1.78,-0.016
-0.0011264,-1.8,0.0
-0.0011232000000000004,-1.76,0.0
-0.0011200000000000003,-1.8,0.008
-0.0011168000000000003,-1.76,0.0
-0.0011136000000000002,-1.8,-0.024
-0.0011104,-1.78,0.0
-0.0011072000000000005,-1.78,-0.024
-0.0011040000000000004,-1.78,0.008
-0.0011008000000000003,-1.76,0.008
-0.0010976000000000002,-1.78,0.0
-0.0010944000000000001,-1.76,0.008
-0.0010912,-1.78,-0.04
-0.0010880000000000004,-1.76,0.008
-0.0010848000000000003,-1.78,-0.016
-0.0010816000000000003,-1.76,0.008
-0.0010784000000000002,-1.78,0.008
-0.0010752000000000001,-1.76,0.0
-0.001072,-1.76,0.008
-0.0010688000000000004,-1.78,-0.024
-0.0010656000000000003,-1.78,-0.016
-0.0010624000000000002,-1.78,-0.016
-0.0010592000000000002,-1.78,-0.016
-0.001056,-1.8,0.0
-0.0010528000000000004,-1.76,0.008
-0.0010496000000000004,-1.78,-0.008
-0.0010464000000000003,-1.78,0.016
-0.0010432000000000002,-1.76,0.0
-0.0010400000000000001,-1.78,0.0
-0.0010368,-1.76,0.0
-0.0010336000000000004,-1.8,0.0
-0.0010304000000000003,-1.76,0.024
-0.0010272000000000002,-1.78,0.0
-0.0010240000000000002,-1.8,0.032
-0.0010208,-1.76,-0.008
-0.0010176000000000004,-1.78,-0.008
-0.0010144000000000004,-1.78,0.0
-0.0010112000000000003,-1.78,0.0
-0.0010080000000000002,-1.78,0.016
-0.0010048000000000001,-1.8,0.008
-0.0010016,-1.78,0.024
-0.0009984000000000004,-1.78,0.008
-0.0009952000000000003,-1.76,-0.008
-0.0009920000000000003,-1.76,-0.008
-0.0009888000000000002,-1.76,-0.008
-0.0009856,-1.78,-0.016
-0.0009824000000000005,-1.8,0.008
-0.0009792000000000004,-1.78,0.008
-0.0009760000000000003,-1.78,0.008
-0.0009728000000000002,-1.78,0.008
-0.0009696000000000001,-1.78,-0.016
-0.0009664000000000001,-1.78,0.008
-0.0009632000000000004,-1.76,-0.016
-0.0009600000000000003,-1.78,0.0
-0.0009568000000000003,-1.76,0.016
-0.0009536000000000002,-1.8,0.008
-0.0009504000000000001,-1.76,0.008
-0.0009472,-1.78,-0.032
-0.0009440000000000004,-1.8,0.008
-0.0009408000000000003,-1.78,0.008
-0.0009376000000000002,-1.76,0.0
-0.0009344000000000002,-1.76,0.016
-0.0009312000000000001,-1.78,0.008
-0.0009280000000000004,-1.78,0.016
-0.0009248000000000004,-1.76,-0.008
-0.0009216000000000003,-1.76,-0.008
-0.0009184000000000002,-1.78,-0.008
-0.0009152000000000001,-1.78,0.008
-0.000912,-1.8,0.0
-0.0009088000000000004,-1.76,0.024
-0.0009056000000000003,-1.78,0.0
-0.0009024000000000003,-1.76,0.016
-0.0008992000000000002,-1.76,-0.008
-0.0008960000000000001,-1.8,-0.008
-0.0008928000000000005,-1.76,-0.008
-0.0008896000000000004,-1.8,0.0
-0.0008864000000000003,-1.76,0.024
-0.0008832000000000002,-1.78,0.0
-0.0008800000000000001,-1.8,0.024
-0.0008768000000000001,-1.76,0.0
-0.0008736000000000004,-1.78,-0.008
-0.0008704000000000003,-1.78,0.0
-0.0008672000000000003,-1.76,0.0
-0.0008640000000000002,-1.78,0.016
-0.0008608000000000001,-1.8,0.0
-0.0008576000000000005,-1.78,0.024
-0.0008544000000000004,-1.8,0.0
-0.0008512000000000003,-1.78,0.0
-0.0008480000000000002,-1.78,0.0
-0.0008448000000000002,-1.78,-0.008
-0.0008416000000000001,-1.78,-0.008
-0.0008384000000000004,-1.78,0.008
-0.0008352000000000004,-1.78,0.008
-0.0008320000000000003,-1.8,0.0
-0.0008288000000000002,-1.78,-0.008
-0.0008256000000000001,-1.8,-0.024
-0.0008224000000000005,-1.78,-0.008
-0.0008192000000000004,-1.78,-0.032
-0.0008160000000000003,-1.78,0.0
-0.0008128000000000002,-1.76,0.0
-0.0008096000000000002,-1.78,-0.008
-0.0008064000000000001,-1.76,0.0
-0.0008032000000000004,-1.78,-0.024
-0.0008000000000000004,-1.78,0.0
-0.0007968000000000003,-1.76,-0.008
-0.0007936000000000002,-1.78,-0.008
-0.0007904000000000001,-1.76,0.008
-0.0007872,-1.76,-0.008
-0.0007840000000000004,-1.78,0.008
-0.0007808000000000003,-1.78,-0.016
-0.0007776000000000003,-1.76,0.008
-0.0007744000000000002,-1.78,-0.016
-0.0007712000000000001,-1.78,0.0
-0.0007680000000000005,-1.78,0.0
-0.0007648000000000004,-1.76,0.016
-0.0007616000000000003,-1.78,-0.008
-0.0007584000000000002,-1.76,0.016
-0.0007552000000000001,-1.78,0.0
-0.0007520000000000001,-1.8,0.0
-0.0007488000000000004,-1.78,0.0
-0.0007456000000000003,-1.8,0.0
-0.0007424000000000003,-1.78,0.032
-0.0007392000000000002,-1.78,0.0
-0.0007360000000000001,-1.78,0.032
-0.0007328000000000005,-1.76,0.0
-0.0007296000000000004,-1.78,-0.008
-0.0007264000000000003,-1.78,0.008
-0.0007232000000000002,-1.8,-0.008
-0.0007200000000000002,-1.78,0.048
-0.0007168000000000001,-1.8,0.016
-0.0007136000000000004,-1.8,0.016
-0.0007104000000000004,-1.78,0.008
-0.0007072000000000003,-1.78,-0.008
-0.0007040000000000002,-1.78,-0.008
-0.0007008000000000001,-1.78,0.0
-0.0006976000000000005,-1.78,-0.008
-0.0006944000000000004,-1.78,0.008
-0.0006912000000000003,-1.78,0.0
-0.0006880000000000002,-1.8,0.008
-0.0006848000000000002,-1.78,0.008
-0.0006816000000000001,-1.78,-0.008
-0.0006784000000000004,-1.76,0.0
-0.0006752000000000004,-1.78,-0.016
-0.0006720000000000003,-1.76,0.008
-0.0006688000000000002,-1.78,0.016
-0.0006656000000000001,-1.78,0.008
-0.0006624000000000001,-1.76,0.008
-0.0006592000000000004,-1.78,-0.024
-0.0006560000000000003,-1.76,-0.008
-0.0006528000000000003,-1.76,-0.024
-0.0006496000000000002,-1.78,-0.008
-0.0006464000000000001,-1.76,0.008
-0.0006432000000000005,-1.76,0.016
-0.0006400000000000004,-1.78,0.008
-0.0006368000000000003,-1.76,-0.024
-0.0006336000000000002,-1.78,0.0
-0.0006304000000000001,-1.8,-0.016
-0.0006272000000000001,-1.78,0.008
-0.0006240000000000004,-1.76,0.008
-0.0006208000000000003,-1.76,0.016
-0.0006176000000000003,-1.78,0.008
-0.0006144000000000002,-1.76,0.016
-0.0006112000000000001,-1.78,-0.016
-0.0006080000000000005,-1.78,-0.008
-0.0006048000000000004,-1.78,-0.008
-0.0006016000000000003,-1.8,0.0
-0.0005984000000000002,-1.76,0.032
-0.0005952000000000002,-1.76,-0.008
-0.0005920000000000001,-1.78,0.032
-0.0005888000000000004,-1.76,0.0
-0.0005856000000000004,-1.78,-0.016
-0.0005824000000000003,-1.78,0.0
-0.0005792000000000002,-1.76,-0.008
-0.0005760000000000001,-1.78,0.016
-0.0005728000000000005,-1.78,0.0
-0.0005696000000000004,-1.78,0.016
-0.0005664000000000003,-1.78,0.016
-0.0005632000000000002,-1.78,-0.008
-0.0005600000000000002,-1.8,0.0
-0.0005568000000000001,-1.76,0.0
-0.0005536000000000004,-1.78,0.0
-0.0005504000000000004,-1.78,0.008
-0.0005472000000000003,-1.76,0.008
-0.0005440000000000002,-1.76,0.008
-0.0005408000000000001,-1.78,0.0
-0.0005376000000000005,-1.78,-0.016
-0.0005344000000000004,-1.78,0.0
-0.0005312000000000003,-1.76,-0.016
-0.0005280000000000003,-1.8,0.008
-0.0005248000000000002,-1.76,0.008
-0.0005216000000000001,-1.8,0.008
-0.0005184000000000005,-1.78,0.0
-0.0005152000000000004,-1.78,-0.04
-0.0005120000000000003,-1.78,0.008
-0.0005088000000000002,-1.78,-0.016
-0.0005056000000000001,-1.78,-0.008
-0.0005024000000000001,-1.8,0.008
-0.0004992000000000004,-1.78,0.008
-0.0004960000000000003,-1.78,-0.008
-0.0004928000000000003,-1.78,-0.016
-0.0004896000000000002,-1.76,0.0
-0.0004864000000000001,-1.76,-0.008
-0.00048320000000000047,-1.78,-0.008
-0.0004800000000000004,-1.78,0.008
-0.0004768000000000003,-1.78,0.024
-0.00047360000000000024,-1.76,0.008
-0.00047040000000000016,-1.78,0.016
-0.0004672000000000001,-1.78,-0.008
-0.00046400000000000044,-1.78,0.0
-0.00046080000000000036,-1.78,0.0
-0.0004576000000000003,-1.8,-0.008
-0.0004544000000000002,-1.76,0.048
-0.0004512000000000001,-1.78,0.0
-0.0004480000000000005,-1.78,0.032
-0.0004448000000000004,-1.78,0.0
-0.0004416000000000003,-1.8,-0.008
-0.00043840000000000025,-1.78,0.0
-0.00043520000000000017,-1.78,-0.016
-0.0004320000000000001,-1.78,0.024
-0.00042880000000000045,-1.78,0.008
-0.00042560000000000037,-1.78,0.024
-0.0004224000000000003,-1.78,-0.008
-0.0004192000000000002,-1.78,-0.008
-0.00041600000000000014,-1.8,0.0
-0.0004128000000000005,-1.78,-0.008
-0.0004096000000000004,-1.78,-0.024
-0.00040640000000000034,-1.78,0.0
-0.00040320000000000026,-1.78,0.008
-0.0004000000000000002,-1.78,0.008
-0.0003968000000000001,-1.78,0.0
-0.00039360000000000046,-1.78,-0.008
-0.0003904000000000004,-1.78,0.0
-0.0003872000000000003,-1.78,-0.016
-0.0003840000000000002,-1.8,0.008
-0.00038080000000000015,-1.76,0.008
-0.00037760000000000007,-1.8,0.0
-0.0003744000000000004,-1.78,0.008
-0.00037120000000000035,-1.78,-0.032
-0.00036800000000000027,-1.78,0.0
-0.0003648000000000002,-1.78,-0.04
-0.0003616000000000001,-1.8,0.0
-0.00035840000000000047,-1.78,-0.008
-0.0003552000000000004,-1.78,0.008
-0.0003520000000000003,-1.78,0.016
-0.00034880000000000024,-1.78,-0.016
-0.00034560000000000016,-1.78,0.0
-0.0003424000000000001,-1.78,-0.008
-0.00033920000000000044,-1.78,0.0
-0.00033600000000000036,-1.78,0.0
-0.0003328000000000003,-1.78,0.008
-0.0003296000000000002,-1.78,0.0
-0.00032640000000000013,-1.76,0.016
-0.0003232000000000005,-1.78,-0.008
-0.0003200000000000004,-1.78,0.0
-0.00031680000000000033,-1.76,0.0
-0.00031360000000000025,-1.8,-0.008
-0.00031040000000000017,-1.76,0.024
-0.0003072000000000001,-1.78,-0.008
-0.00030400000000000045,-1.78,0.032
-0.00030080000000000037,-1.78,-0.008
-0.0002976000000000003,-1.76,0.0
-0.0002944000000000002,-1.8,-0.008
-0.00029120000000000014,-1.8,-0.008
-0.0002880000000000005,-1.78,0.024
-0.0002848000000000004,-1.78,0.008
-0.00028160000000000034,-1.78,0.016
-0.00027840000000000026,-1.8,0.008
-0.0002752000000000002,-1.78,-0.008
-0.0002720000000000001,-1.8,0.0
-0.00026880000000000046,-1.8,0.0
-0.0002656000000000004,-1.78,0.0
-0.0002624000000000003,-1.8,0.008
-0.00025920000000000023,-1.76,0.016
-0.00025600000000000015,-1.8,0.0
-0.0002528000000000001,-1.78,0.008
-0.00024960000000000043,-1.78,-0.008
-0.00024640000000000035,-1.76,0.016
-0.00024320000000000027,-1.78,-0.016
-0.0002400000000000002,-1.78,0.0
-0.00023680000000000012,-1.76,0.008
-0.00023360000000000047,-1.78,0.008
-0.0002304000000000004,-1.78,0.008
-0.00022720000000000032,-1.8,-0.048
-0.00022400000000000024,-1.78,-0.008
-0.00022080000000000016,-1.78,-0.024
-0.00021760000000000009,-1.78,-0.008
-0.00021440000000000044,-1.76,0.008
-0.00021120000000000036,-1.78,0.0
-0.00020800000000000029,-1.76,0.0
-0.0002048000000000002,-1.76,-0.016
-0.00020160000000000013,-1.76,0.0
-0.00019840000000000049,-1.78,-0.008
-0.0001952000000000004,-1.8,0.0
-0.00019200000000000033,-1.76,0.0
-0.00018880000000000025,-1.78,0.008
-0.00018560000000000017,-1.78,0.0
-0.0001824000000000001,-1.76,0.016
-0.00017920000000000045,-1.76,-0.008
-0.00017600000000000037,-1.78,-0.008
-0.0001728000000000003,-1.76,0.0
-0.00016960000000000022,-1.78,0.0
-0.00016640000000000014,-1.78,0.024
-0.0001632000000000005,-1.76,0.0
-0.00016000000000000042,-1.8,0.04
-0.00015680000000000034,-1.78,0.0
-0.00015360000000000026,-1.76,-0.016
-0.00015040000000000019,-1.78,0.0
-0.0001472000000000001,-1.78,-0.008
-0.00014400000000000046,-1.8,-0.008
-0.0001408000000000004,-1.78,0.0
-0.0001376000000000003,-1.76,0.024
-0.00013440000000000023,-1.8,0.0
-0.00013120000000000015,-1.78,-0.008
-0.00012800000000000008,-1.8,0.0
-0.00012480000000000043,-1.78,0.008
-0.00012160000000000035,-1.78,-0.008
-0.00011840000000000028,-1.78,0.008
-0.0001152000000000002,-1.76,0.016
-0.00011200000000000012,-1.78,0.008
-0.00010880000000000048,-1.78,0.0
-0.0001056000000000004,-1.78,-0.008
-0.00010240000000000032,-1.78,0.008
-9.920000000000024e-05,-1.78,-0.032
-9.600000000000017e-05,-1.78,0.0
-9.280000000000009e-05,-1.76,0.008
-8.960000000000044e-05,-1.78,0.008
-8.640000000000037e-05,-1.76,0.008
-8.320000000000029e-05,-1.78,-0.032
-8.000000000000021e-05,-1.78,0.0
-7.680000000000013e-05,-1.78,-0.024
-7.360000000000049e-05,-1.78,0.008
-7.040000000000041e-05,-1.78,0.016
-6.720000000000033e-05,-1.78,0.0
-6.400000000000025e-05,-1.78,0.0
-6.080000000000018e-05,-1.78,-0.016
-5.76000000000001e-05,-1.76,-0.008
-5.4400000000000455e-05,-1.78,0.008
-5.120000000000038e-05,-1.78,-0.008
-4.80000000000003e-05,-1.8,0.008
-4.480000000000022e-05,-1.78,0.024
-4.1600000000000144e-05,-1.78,0.016
-3.84000000000005e-05,-1.76,0.024
-3.520000000000042e-05,-1.78,0.0
-3.2000000000000344e-05,-1.8,0.0
-2.8800000000000266e-05,-1.78,0.008
-2.560000000000019e-05,-1.8,0.0
-2.240000000000011e-05,-1.78,0.024
-1.9200000000000467e-05,-1.76,-0.008
-1.600000000000039e-05,-1.78,0.032
-1.2800000000000311e-05,-1.78,0.008
-9.600000000000233e-06,-1.8,0.0
-6.4000000000001556e-06,-1.78,0.0
-3.2000000000005115e-06,-1.78,0.0
-4.336808689942018e-19,1.62,0.024
3.199999999999644e-06,1.6,0.0
6.399999999999722e-06,1.62,0.032
9.5999999999998e-06,1.6,0.0
1.2799999999999877e-05,1.6,-0.008
1.599999999999952e-05,1.58,0.0
1.91999999999996e-05,1.62,0.0
2.2399999999999677e-05,1.6,0.016
2.5599999999999755e-05,1.58,0.0
2.8799999999999833e-05,1.62,0.016
3.199999999999991e-05,1.62,0.008
3.5199999999999555e-05,1.6400000000000001,0.008
3.839999999999963e-05,1.62,-0.016
4.159999999999971e-05,1.6400000000000001,0.0
4.479999999999979e-05,1.62,-0.024
4.7999999999999866e-05,1.6400000000000001,0.0
5.119999999999951e-05,1.6600000000000001,0.008
5.439999999999959e-05,1.6600000000000001,0.008
5.7599999999999665e-05,1.6600000000000001,0.016
6.079999999999974e-05,1.6600000000000001,-0.032
6.399999999999982e-05,1.6600000000000001,0.0
6.71999999999999e-05,1.6600000000000001,-0.016
7.039999999999954e-05,1.68,0.0
7.359999999999962e-05,1.68,0.008
7.67999999999997e-05,1.68,-0.008
7.999999999999978e-05,1.68,0.008
8.319999999999985e-05,1.6600000000000001,-0.016
8.63999999999995e-05,1.68,0.0
8.959999999999958e-05,1.68,-0.008
9.279999999999965e-05,1.7,-0.008
9.599999999999973e-05,1.7,0.0
9.919999999999981e-05,1.7,0.008
0.00010239999999999989,1.72,-0.016
0.00010559999999999953,1.72,0.008
0.00010879999999999961,1.72,-0.008
0.00011199999999999969,1.7,-0.008
0.00011519999999999976,1.72,-0.008
0.00011839999999999984,1.72,0.0
0.00012159999999999949,1.72,0.032
0.00012479999999999956,1.7,0.008
0.00012799999999999964,1.7,0.024
0.00013119999999999972,1.72,-0.008
0.0001343999999999998,1.7,-0.008
0.00013759999999999988,1.7,0.008
0.00014079999999999952,1.7,0.0
0.0001439999999999996,1.72,0.024
0.00014719999999999967,1.72,0.0
0.00015039999999999975,1.74,0.04
0.00015359999999999983,1.72,0.008
0.0001567999999999999,1.74,-0.008
0.00015999999999999955,1.74,0.0
0.00016319999999999963,1.74,-0.008
0.0001663999999999997,1.72,0.008
0.00016959999999999979,1.72,0.008
0.00017279999999999986,1.72,0.008
0.0001759999999999995,1.72,0.0
0.00017919999999999959,1.74,0.008
0.00018239999999999966,1.74,-0.024
0.00018559999999999974,1.76,0.0
0.00018879999999999982,1.74,-0.008
0.0001919999999999999,1.72,0.0
0.00019519999999999954,1.76,0.008
0.00019839999999999962,1.76,0.008
0.0002015999999999997,1.76,0.008
0.00020479999999999977,1.74,-0.032
0.00020799999999999985,1.74,0.008
0.0002111999999999995,1.76,0.008
0.00021439999999999957,1.76,0.008
0.00021759999999999965,1.76,0.016
0.00022079999999999973,1.76,-0.008
0.0002239999999999998,1.74,0.008
0.00022719999999999988,1.76,-0.024
0.00023039999999999953,1.76,0.0
0.0002335999999999996,1.76,-0.008
0.00023679999999999968,1.76,0.008
0.00023999999999999976,1.74,0.008
0.00024319999999999984,1.76,0.016
0.0002463999999999995,1.74,0.008
0.00024959999999999956,1.76,0.016
0.00025279999999999964,1.78,0.0
0.0002559999999999997,1.76,-0.008
0.0002591999999999998,1.74,-0.008
0.0002623999999999999,1.76,0.0
0.0002655999999999995,1.76,0.016
0.0002687999999999996,1.78,0.0
0.00027199999999999967,1.76,0.04
0.00027519999999999975,1.78,-0.016
0.00027839999999999983,1.76,0.0
0.00028159999999999947,1.78,0.008
0.00028479999999999955,1.74,0.0
0.00028799999999999963,1.74,0.024
0.0002911999999999997,1.76,0.008
0.0002943999999999998,1.78,0.024
0.00029759999999999986,1.76,0.008
0.0003007999999999995,1.76,0.016
0.0003039999999999996,1.78,-0.008
0.00030719999999999966,1.74,-0.016
0.00031039999999999974,1.76,-0.008
0.0003135999999999998,1.74,0.0
0.0003167999999999999,1.76,0.008
0.00031999999999999954,1.76,0.0
0.0003231999999999996,1.76,0.0
0.0003263999999999997,1.76,-0.016
0.00032959999999999977,1.78,0.0
0.00033279999999999985,1.76,-0.016
0.0003359999999999995,1.78,0.008
0.00033919999999999957,1.78,0.0
0.00034239999999999965,1.76,0.008
0.0003455999999999997,1.78,0.0
0.0003487999999999998,1.78,-0.024
0.0003519999999999999,1.78,0.008
0.0003551999999999995,1.78,-0.024
0.0003583999999999996,1.78,0.0
0.0003615999999999997,1.78,0.008
0.00036479999999999976,1.78,0.008
0.00036799999999999984,1.76,0.0
0.0003711999999999995,1.78,-0.024
0.00037439999999999956,1.76,0.0
0.00037759999999999964,1.78,-0.008
0.0003807999999999997,1.78,0.008
0.0003839999999999998,1.78,0.008
0.00038719999999999987,1.78,0.008
0.0003903999999999995,1.76,0.0
0.0003935999999999996,1.76,0.008
0.00039679999999999967,1.78,-0.008
0.00039999999999999975,1.76,-0.016
0.0004031999999999998,1.78,-0.008
0.00040639999999999947,1.78,0.0
0.00040959999999999955,1.78,0.024
0.0004127999999999996,1.78,0.016
0.0004159999999999997,1.76,0.032
0.0004191999999999998,1.78,0.008
0.00042239999999999986,1.78,0.0
0.0004255999999999995,1.78,0.008
0.0004287999999999996,1.78,0.0
0.00043199999999999966,1.76,0.04
0.00043519999999999974,1.78,0.016
0.0004383999999999998,1.76,0.024
0.0004415999999999999,1.78,0.008
0.00044479999999999954,1.78,-0.008
0.0004479999999999996,1.78,0.0
0.0004511999999999997,1.76,-0.016
0.00045439999999999977,1.76,0.0
0.00045759999999999985,1.78,0.0
0.0004607999999999995,1.78,0.008
0.00046399999999999957,1.78,0.008
0.00046719999999999965,1.78,0.0
0.0004703999999999997,1.76,0.0
0.0004735999999999998,1.78,-0.008
0.0004767999999999999,1.78,-0.024
0.0004799999999999995,1.78,0.0
0.0004831999999999996,1.8,0.0
0.0004863999999999997,1.76,-0.008
0.0004895999999999998,1.78,0.008
0.0004927999999999998,1.76,-0.024
0.0004959999999999995,1.76,0.008
0.0004991999999999996,1.78,-0.016
0.0005023999999999996,1.78,-0.008
0.0005055999999999997,1.76,0.008
0.0005087999999999998,1.78,0.0
0.0005119999999999999,1.8,0.0
0.0005151999999999995,1.78,-0.016
0.0005183999999999996,1.78,0.0
0.0005215999999999997,1.78,-0.024
0.0005247999999999997,1.78,-0.016
0.0005279999999999998,1.78,0.0
0.0005311999999999995,1.78,0.008
0.0005343999999999995,1.78,0.016
0.0005375999999999996,1.78,0.016
0.0005407999999999997,1.78,-0.008
0.0005439999999999998,1.78,0.0
0.0005471999999999999,1.78,0.0
0.0005503999999999995,1.76,0.0
0.0005535999999999996,1.78,0.032
0.0005567999999999997,1.76,0.016
0.0005599999999999997,1.76,0.048
0.0005631999999999998,1.78,0.008
0.0005663999999999999,1.76,0.0
0.0005695999999999995,1.8,0.016
0.0005727999999999996,1.78,0.0
0.0005759999999999997,1.76,0.032
0.0005791999999999998,1.78,0.016
0.0005823999999999998,1.78,0.04
0.0005855999999999995,1.78,0.016
0.0005887999999999996,1.76,0.0
0.0005919999999999996,1.78,0.008
0.0005951999999999997,1.78,0.024
0.0005983999999999998,1.76,0.016
0.0006015999999999999,1.78,0.024
0.0006047999999999995,1.78,0.024
0.0006079999999999996,1.78,0.024
0.0006111999999999997,1.78,0.024
0.0006143999999999998,1.76,0.016
0.0006175999999999998,1.76,0.024
0.0006207999999999995,1.76,0.016
0.0006239999999999996,1.76,0.04
0.0006271999999999996,1.78,0.032
0.0006303999999999997,1.78,0.04
0.0006335999999999998,1.78,0.04
0.0006367999999999999,1.76,0.0
0.0006399999999999995,1.78,0.032
0.0006431999999999996,1.78,0.016
0.0006463999999999997,1.78,0.032
0.0006495999999999997,1.76,0.016
0.0006527999999999998,1.78,0.032
0.0006559999999999995,1.78,0.04
0.0006591999999999995,1.78,0.008
0.0006623999999999996,1.76,0.04
0.0006655999999999997,1.76,0.024
0.0006687999999999998,1.78,0.048
0.0006719999999999999,1.76,0.048
0.0006751999999999995,1.76,0.056
0.0006783999999999996,1.76,0.048
0.0006815999999999997,1.8,0.056
0.0006847999999999997,1.78,0.04
0.0006879999999999998,1.78,0.04
0.0006911999999999999,1.8,0.056
0.0006943999999999995,1.76,0.048
0.0006975999999999996,1.8,0.088
0.0007007999999999997,1.76,0.056
0.0007039999999999998,1.78,0.088
0.0007071999999999994,1.8,0.048
0.0007103999999999995,1.78,0.064
0.0007135999999999996,1.78,0.064
0.0007167999999999996,1.78,0.056
0.0007199999999999997,1.76,0.088
0.0007231999999999998,1.78,0.07200000000000001
0.0007263999999999999,1.78,0.096
0.0007296,1.76,0.07200000000000001
0.0007328,1.78,0.064
0.0007359999999999992,1.76,0.07200000000000001
0.0007391999999999993,1.76,0.07200000000000001
0.0007423999999999994,1.76,0.048
0.0007455999999999995,1.78,0.07200000000000001
0.0007487999999999996,1.78,0.088
0.0007519999999999996,1.78,0.08
0.0007551999999999997,1.78,0.088
0.0007583999999999998,1.78,0.064
0.0007615999999999999,1.78,0.08
0.0007647999999999999,1.78,0.064
0.000768,1.78,0.096
0.0007712000000000001,1.8,0.096
0.0007743999999999993,1.76,0.08
0.0007775999999999994,1.78,0.088
0.0007807999999999995,1.76,0.064
0.0007839999999999995,1.78,0.088
0.0007871999999999996,1.76,0.056
0.0007903999999999997,1.78,0.08
0.0007935999999999998,1.76,0.10400000000000001
0.0007967999999999999,1.78,0.096
0.0007999999999999999,1.8,0.10400000000000001
0.0008032,1.78,0.07200000000000001
0.0008064000000000001,1.78,0.096
0.0008095999999999993,1.78,0.088
0.0008127999999999994,1.76,0.10400000000000001
0.0008159999999999995,1.78,0.10400000000000001
0.0008191999999999995,1.8,0.10400000000000001
0.0008223999999999996,1.76,0.10400000000000001
0.0008255999999999997,1.78,0.10400000000000001
0.0008287999999999998,1.76,0.096
0.0008319999999999998,1.78,0.112
0.0008351999999999999,1.76,0.112
0.0008384,1.76,0.12
0.0008416000000000001,1.8,0.136
0.0008447999999999993,1.76,0.112
0.0008479999999999994,1.78,0.14400000000000002
0.0008511999999999994,1.76,0.12
0.0008543999999999995,1.76,0.112
0.0008575999999999996,1.78,0.12
0.0008607999999999997,1.76,0.112
0.0008639999999999998,1.78,0.136
0.0008671999999999998,1.76,0.128
0.0008703999999999999,1.78,0.152
0.0008736,1.76,0.12
0.0008768000000000001,1.78,0.112
0.0008799999999999993,1.76,0.128
0.0008831999999999994,1.76,0.128
0.0008863999999999994,1.76,0.12
0.0008895999999999995,1.78,0.136
0.0008927999999999996,1.78,0.14400000000000002
0.0008959999999999997,1.78,0.128
0.0008991999999999997,1.78,0.136
0.0009023999999999998,1.78,0.12
0.0009055999999999999,1.78,0.14400000000000002
0.0009088,1.78,0.12
0.000912,1.78,0.136
0.0009151999999999993,1.8,0.152
0.0009183999999999993,1.76,0.152
0.0009215999999999994,1.76,0.14400000000000002
0.0009247999999999995,1.78,0.12
0.0009279999999999996,1.78,0.152
0.0009311999999999996,1.78,0.12
0.0009343999999999997,1.76,0.152
0.0009375999999999998,1.78,0.152
0.0009407999999999999,1.76,0.152
0.000944,1.78,0.16
0.0009472,1.78,0.128
0.0009503999999999992,1.78,0.152
0.0009535999999999993,1.78,0.136
0.0009567999999999994,1.78,0.16
0.0009599999999999995,1.78,0.16
0.0009631999999999996,1.8,0.176
0.0009663999999999996,1.78,0.176
0.0009695999999999997,1.78,0.168
0.0009727999999999998,1.78,0.16
0.0009759999999999999,1.78,0.152
0.0009792,1.76,0.16
0.0009824,1.78,0.168
0.0009855999999999992,1.78,0.192
0.0009887999999999993,1.78,0.16
0.0009919999999999994,1.78,0.192
0.0009951999999999995,1.76,0.168
0.0009983999999999995,1.76,0.16
0.0010015999999999996,1.78,0.168
0.0010047999999999997,1.76,0.168
0.0010079999999999998,1.76,0.176
0.0010111999999999999,1.76,0.184
0.0010144,1.78,0.2
0.0010176,1.78,0.168
0.0010207999999999992,1.76,0.168
0.0010239999999999993,1.78,0.176
0.0010271999999999994,1.76,0.176
0.0010303999999999995,1.76,0.184
0.0010335999999999995,1.78,0.2
0.0010367999999999996,1.78,0.192
0.0010399999999999997,1.78,0.2
0.0010431999999999998,1.78,0.184
0.0010463999999999998,1.76,0.184
0.0010496,1.78,0.192
0.0010528,1.78,0.176
0.001056,1.76,0.20800000000000002
0.0010591999999999993,1.76,0.2
0.0010623999999999994,1.78,0.2
0.0010655999999999994,1.8,0.20800000000000002
0.0010687999999999995,1.76,0.168
0.0010719999999999996,1.76,0.2
0.0010751999999999997,1.76,0.184
0.0010783999999999998,1.76,0.192
0.0010815999999999998,1.78,0.20800000000000002
0.0010848,1.76,0.2
0.001088,1.78,0.20800000000000002
0.0010912,1.78,0.176
0.0010943999999999993,1.78,0.20800000000000002
0.0010975999999999994,1.76,0.20800000000000002
0.0011007999999999994,1.78,0.216
0.0011039999999999995,1.76,0.232
0.0011071999999999996,1.78,0.232
0.0011103999999999997,1.76,0.216
0.0011135999999999997,1.78,0.224
0.0011167999999999998,1.78,0.216
0.00112,1.76,0.20800000000000002
0.0011232,1.76,0.216
0.0011264,1.76,0.224
0.0011295999999999993,1.78,0.248
0.0011327999999999993,1.76,0.216
0.0011359999999999994,1.76,0.256
0.0011391999999999995,1.78,0.224
0.0011423999999999996,1.76,0.216
0.0011455999999999997,1.76,0.232
0.0011487999999999997,1.76,0.20800000000000002
0.0011519999999999998,1.78,0.264
0.0011551999999999999,1.78,0.24
0.0011584,1.76,0.256
0.0011616,1.78,0.24
0.0011647999999999993,1.76,0.24
0.0011679999999999993,1.76,0.232
0.0011711999999999994,1.78,0.232
0.0011743999999999995,1.76,0.24
0.0011775999999999996,1.76,0.24
0.0011807999999999996,1.76,0.264
0.0011839999999999997,1.78,0.248
0.0011871999999999998,1.8,0.256
0.0011903999999999999,1.78,0.232
0.0011936,1.76,0.248
0.0011968,1.78,0.232
0.0011999999999999992,1.78,0.256
0.0012031999999999993,1.8,0.248
0.0012063999999999994,1.76,0.264
0.0012095999999999995,1.78,0.264
0.0012127999999999996,1.78,0.224
0.0012159999999999996,1.8,0.256
0.0012191999999999997,1.78,0.232
0.0012223999999999998,1.76,0.248
0.0012255999999999999,1.8,0.264
0.0012288,1.76,0.256
0.001232,1.78,0.28
0.0012351999999999992,1.78,0.24
0.0012383999999999993,1.78,0.264
0.0012415999999999994,1.78,0.248
0.0012447999999999995,1.76,0.272
0.0012479999999999995,1.78,0.272
0.0012511999999999996,1.76,0.28
0.0012543999999999997,1.76,0.28
0.0012575999999999998,1.78,0.272
0.0012607999999999999,1.78,0.28
0.001264,1.78,0.264
0.0012672,1.78,0.264
0.0012703999999999992,1.78,0.272
0.0012735999999999993,1.78,0.296
0.0012767999999999994,1.78,0.28
0.0012799999999999995,1.76,0.304
0.0012831999999999995,1.76,0.28
0.0012863999999999996,1.78,0.28
0.0012895999999999997,1.78,0.28800000000000003
0.0012927999999999998,1.76,0.28
0.0012959999999999998,1.76,0.312
0.0012992,1.78,0.296
0.0013024,1.78,0.32
0.0013056,1.78,0.304
0.0013087999999999993,1.78,0.28800000000000003
0.0013119999999999994,1.78,0.28800000000000003
0.0013151999999999994,1.78,0.28
0.0013183999999999995,1.76,0.328
0.0013215999999999996,1.76,0.304
0.0013247999999999997,1.78,0.312
0.0013279999999999998,1.76,0.304
0.0013311999999999998,1.76,0.296
0.0013344,1.76,0.28800000000000003
0.0013376,1.76,0.296
0.0013408,1.78,0.28
0.0013439999999999993,1.76,0.304
0.0013471999999999994,1.78,0.312
0.0013503999999999994,1.78,0.304
0.0013535999999999995,1.8,0.312
0.0013567999999999996,1.76,0.28
0.0013599999999999997,1.76,0.304
0.0013631999999999997,1.78,0.32
0.0013663999999999998,1.78,0.304
0.0013696,1.78,0.312
0.0013728,1.78,0.312
0.001376,1.76,0.32
0.0013791999999999993,1.78,0.28800000000000003
0.0013823999999999993,1.76,0.312
0.0013855999999999994,1.78,0.304
0.0013887999999999995,1.78,0.312
0.0013919999999999996,1.78,0.328
0.0013951999999999997,1.78,0.328
0.0013983999999999997,1.78,0.328
0.0014015999999999998,1.8,0.32
0.0014047999999999999,1.8,0.32
0.001408,1.76,0.304
0.0014112,1.76,0.32
0.0014143999999999993,1.76,0.328
0.0014175999999999993,1.8,0.36
0.0014207999999999994,1.78,0.336
0.0014239999999999995,1.78,0.352
0.0014271999999999996,1.78,0.336
0.0014303999999999996,1.76,0.328
0.0014335999999999997,1.76,0.328
0.0014367999999999998,1.76,0.336
0.0014399999999999999,1.78,0.368
0.0014432,1.78,0.34400000000000003
0.0014464,1.76,0.368
0.0014495999999999992,1.76,0.352
0.0014527999999999993,1.78,0.336
0.0014559999999999994,1.78,0.34400000000000003
0.0014591999999999995,1.78,0.34400000000000003
0.0014623999999999996,1.76,0.36
0.0014655999999999996,1.76,0.36
0.0014687999999999997,1.78,0.368
0.0014719999999999998,1.78,0.36
0.0014751999999999999,1.76,0.352
0.0014784,1.78,0.34400000000000003
0.0014816,1.78,0.36
0.0014847999999999992,1.78,0.34400000000000003
0.0014879999999999993,1.78,0.36
0.0014911999999999994,1.78,0.368
0.0014943999999999995,1.76,0.36
0.0014975999999999995,1.78,0.368
0.0015007999999999996,1.76,0.336
0.0015039999999999997,1.78,0.368
0.0015071999999999998,1.78,0.352
0.0015103999999999999,1.78,0.36
0.0015136,1.78,0.368
0.0015168,1.78,0.376
0.0015199999999999992,1.78,0.376
0.0015231999999999993,1.78,0.336
0.0015263999999999994,1.78,0.376
0.0015295999999999994,1.78,0.352
0.0015327999999999995,1.78,0.368
0.0015359999999999996,1.78,0.384
0.0015391999999999997,1.78,0.392
0.0015423999999999998,1.76,0.376
0.0015455999999999998,1.8,0.376
0.0015488,1.78,0.376
0.001552,1.76,0.376
0.0015551999999999992,1.78,0.384
0.0015583999999999993,1.76,0.392
0.0015615999999999994,1.8,0.40800000000000003
0.0015647999999999994,1.76,0.384
0.0015679999999999995,1.78,0.432
0.0015711999999999996,1.78,0.376
0.0015743999999999997,1.76,0.384
0.0015775999999999997,1.76,0.392
0.0015807999999999998,1.76,0.392
0.001584,1.78,0.44
0.0015872,1.76,0.4
0.0015904,1.76,0.44
0.0015935999999999993,1.76,0.4
0.0015967999999999993,1.78,0.384
0.0015999999999999994,1.76,0.4
0.0016031999999999995,1.76,0.392
0.0016063999999999996,1.76,0.41600000000000004
0.0016095999999999997,1.76,0.40800000000000003
0.0016127999999999997,1.78,0.41600000000000004
0.0016159999999999998,1.78,0.41600000000000004
0.0016192,1.78,0.4
0.0016224,1.76,0.4
0.0016256,1.76,0.40800000000000003
0.0016287999999999993,1.78,0.376
0.0016319999999999993,1.76,0.424
0.0016351999999999994,1.78,0.41600000000000004
0.0016383999999999995,1.76,0.41600000000000004
0.0016415999999999996,1.78,0.424
0.0016447999999999996,1.78,0.392
0.0016479999999999997,1.78,0.424
0.0016511999999999998,1.78,0.4
0.0016543999999999999,1.76,0.424
0.0016576,1.78,0.432
0.0016608,1.78,0.424
0.0016639999999999992,1.76,0.432
0.0016671999999999993,1.76,0.4
0.0016703999999999994,1.78,0.432
0.0016735999999999995,1.78,0.4
0.0016767999999999996,1.78,0.424
0.0016799999999999996,1.76,0.432
0.0016831999999999997,1.78,0.432
0.0016863999999999998,1.8,0.456
0.0016895999999999999,1.78,0.432
0.0016928,1.8,0.424
0.001696,1.78,0.44
0.0016991999999999992,1.78,0.448
0.0017023999999999993,1.78,0.44
0.0017055999999999994,1.8,0.47200000000000003
0.0017087999999999995,1.78,0.448
0.0017119999999999995,1.78,0.47200000000000003
0.0017151999999999996,1.78,0.44
0.0017183999999999997,1.78,0.456
0.0017215999999999998,1.78,0.448
0.0017247999999999999,1.76,0.432
0.001728,1.76,0.464
0.0017312,1.76,0.456
0.0017343999999999992,1.76,0.48
0.0017375999999999993,1.76,0.464
0.0017407999999999994,1.78,0.456
0.0017439999999999995,1.78,0.456
0.0017471999999999995,1.76,0.448
0.0017503999999999996,1.76,0.47200000000000003
0.0017535999999999997,1.78,0.464
0.0017567999999999998,1.78,0.47200000000000003
0.0017599999999999998,1.78,0.47200000000000003
0.0017632,1.78,0.464
0.0017664,1.74,0.464
0.0017695999999999992,1.76,0.47200000000000003
0.0017727999999999993,1.78,0.448
0.0017759999999999994,1.78,0.464
0.0017791999999999994,1.78,0.48
0.0017823999999999995,1.78,0.47200000000000003
0.0017855999999999996,1.78,0.48
0.0017887999999999997,1.78,0.448
0.0017919999999999998,1.78,0.47200000000000003
0.0017951999999999998,1.8,0.456
0.0017984,1.78,0.48
0.0018016,1.78,0.48
0.0018047999999999992,1.78,0.48
0.0018079999999999993,1.76,0.47200000000000003
0.0018111999999999994,1.78,0.44
0.0018143999999999994,1.78,0.48
0.0018175999999999995,1.78,0.464
0.0018207999999999996,1.78,0.48
0.0018239999999999997,1.78,0.496
0.0018271999999999997,1.8,0.496
0.0018303999999999998,1.78,0.488
0.0018336,1.76,0.47200000000000003
0.0018368,1.78,0.488
0.0018399999999999992,1.76,0.48
0.0018431999999999993,1.76,0.488
0.0018463999999999993,1.78,0.496
0.0018495999999999994,1.76,0.512
0.0018527999999999995,1.78,0.504
0.0018559999999999996,1.78,0.536
0.0018591999999999997,1.78,0.496
0.0018623999999999997,1.78,0.488
0.0018655999999999998,1.76,0.496
0.0018687999999999999,1.76,0.496
0.001872,1.78,0.528
0.0018752,1.78,0.504
0.0018783999999999993,1.76,0.536
0.0018815999999999993,1.76,0.504
0.0018847999999999994,1.78,0.496
0.0018879999999999995,1.8,0.512
0.0018911999999999996,1.76,0.504
0.0018943999999999996,1.76,0.496
0.0018975999999999997,1.76,0.52
0.0019007999999999998,1.78,0.52
0.0019039999999999999,1.76,0.52
0.0019072,1.78,0.504
0.0019104,1.76,0.512
0.0019135999999999992,1.78,0.512
0.0019167999999999993,1.78,0.512
0.0019199999999999994,1.76,0.52
0.0019231999999999995,1.78,0.536
0.0019263999999999996,1.76,0.536
0.0019295999999999996,1.76,0.536
0.0019327999999999997,1.76,0.504
0.0019359999999999998,1.76,0.528
0.0019391999999999999,1.76,0.48
0.0019424,1.76,0.52
0.0019456,1.78,0.536
0.0019487999999999992,1.76,0.536
0.0019519999999999993,1.76,0.544
0.0019551999999999994,1.78,0.504
0.0019583999999999995,1.78,0.544
0.0019615999999999995,1.76,0.52
0.0019647999999999996,1.78,0.544
0.0019679999999999997,1.76,0.544
0.0019711999999999998,1.78,0.544
0.0019744,1.78,0.552
0.0019776,1.78,0.544
0.0019808,1.78,0.552
0.0019839999999999992,1.76,0.552
0.0019871999999999993,1.78,0.544
0.0019903999999999994,1.76,0.552
0.0019935999999999995,1.78,0.5760000000000001
0.0019967999999999995,1.78,0.552
0.0019999999999999996,1.78,0.584
0.0020031999999999997,1.8,0.544
0.0020063999999999998,1.76,0.544
0.0020096,1.78,0.544
0.0020128,1.78,0.536
0.002016,1.78,0.5760000000000001
0.002019199999999999,1.78,0.552
0.0020223999999999993,1.76,0.584
0.0020255999999999994,1.76,0.552
0.0020287999999999994,1.76,0.528
0.0020319999999999995,1.76,0.544
0.0020351999999999996,1.78,0.536
0.0020383999999999997,1.76,0.56
0.0020415999999999998,1.78,0.56
0.0020448,1.78,0.56
0.002048,1.76,0.5680000000000001
0.0020512,1.78,0.552
0.002054399999999999,1.76,0.544
0.0020575999999999993,1.78,0.552
0.0020607999999999994,1.76,0.536
0.0020639999999999994,1.76,0.552
0.0020671999999999995,1.78,0.56
0.0020703999999999996,1.76,0.552
0.0020735999999999997,1.8,0.5680000000000001
0.0020767999999999997,1.76,0.528
0.00208,1.78,0.552
0.0020832,1.78,0.52
0.0020864,1.78,0.552
0.002089599999999999,1.8,0.552
0.0020927999999999993,1.78,0.544
0.0020959999999999993,1.8,0.56
0.0020991999999999994,1.78,0.512
0.0021023999999999995,1.78,0.544
0.0021055999999999996,1.76,0.536
0.0021087999999999997,1.78,0.544
0.0021119999999999997,1.76,0.56
0.0021152,1.78,0.5680000000000001
0.0021184,1.78,0.56
0.0021216,1.78,0.552
0.002124799999999999,1.78,0.544
0.0021279999999999992,1.78,0.544
0.0021311999999999993,1.76,0.544
0.0021343999999999994,1.78,0.552
0.0021375999999999995,1.78,0.5680000000000001
0.0021407999999999996,1.78,0.552
0.0021439999999999996,1.76,0.5760000000000001
0.0021471999999999997,1.8,0.552
0.0021504,1.76,0.544
0.0021536,1.78,0.552
0.0021568,1.76,0.544
0.00216,1.76,0.5680000000000001
0.0021631999999999992,1.8,0.5680000000000001
0.0021663999999999993,1.76,0.5760000000000001
0.0021695999999999994,1.76,0.544
0.0021727999999999995,1.76,0.544
0.0021759999999999995,1.78,0.552
0.0021791999999999996,1.76,0.552
0.0021823999999999997,1.78,0.56
0.0021855999999999998,1.78,0.552
0.0021888,1.76,0.5680000000000001
0.002192,1.76,0.552
0.0021952,1.78,0.552
0.0021983999999999992,1.76,0.552
0.0022015999999999993,1.78,0.552
0.0022047999999999994,1.78,0.536
0.0022079999999999995,1.76,0.56
0.0022111999999999995,1.78,0.552
0.0022143999999999996,1.76,0.552
0.0022175999999999997,1.78,0.56
0.0022207999999999998,1.76,0.52
0.002224,1.78,0.552
0.0022272,1.78,0.52
0.0022304,1.78,0.552
0.002233599999999999,1.8,0.5680000000000001
0.0022367999999999993,1.78,0.544
0.0022399999999999994,1.76,0.544
0.0022431999999999994,1.78,0.512
0.0022463999999999995,1.78,0.552
0.0022495999999999996,1.78,0.56
0.0022527999999999997,1.76,0.552
0.0022559999999999998,1.78,0.552
0.0022592,1.78,0.552
0.0022624,1.78,0.544
0.0022656,1.76,0.536
0.002268799999999999,1.8,0.544
0.0022719999999999993,1.76,0.536
0.0022751999999999994,1.8,0.544
0.0022783999999999994,1.76,0.552
0.0022815999999999995,1.8,0.5760000000000001
0.0022847999999999996,1.78,0.552
0.0022879999999999997,1.78,0.5760000000000001
0.0022911999999999997,1.78,0.544
0.0022944,1.78,0.536
0.0022976,1.78,0.536
0.0023008,1.76,0.544
0.002303999999999999,1.78,0.5680000000000001
0.0023071999999999993,1.76,0.544
0.0023103999999999993,1.76,0.5760000000000001
0.0023135999999999994,1.78,0.552
0.0023167999999999995,1.76,0.536
0.0023199999999999996,1.78,0.544
0.0023231999999999997,1.78,0.536
0.0023263999999999997,1.76,0.5680000000000001
0.0023296,1.76,0.552
0.0023328,1.78,0.5680000000000001
0.002336,1.76,0.552
0.002339199999999999,1.78,0.56
0.0023423999999999993,1.78,0.536
0.0023455999999999993,1.78,0.544
0.0023487999999999994,1.8,0.52
0.0023519999999999995,1.78,0.552
0.0023551999999999996,1.78,0.56
0.0023583999999999996,1.76,0.544
0.0023615999999999997,1.78,0.552
0.0023648,1.76,0.52
0.002368,1.78,0.552
0.0023712,1.78,0.528
0.002374399999999999,1.76,0.544
0.0023775999999999992,1.8,0.552
0.0023807999999999993,1.76,0.544
0.0023839999999999994,1.78,0.56
0.0023871999999999995,1.76,0.52
0.0023903999999999996,1.78,0.544
0.0023935999999999996,1.76,0.528
0.0023967999999999997,1.78,0.544
0.0024,1.76,0.56
0.0024032,1.78,0.52
0.0024064,1.78,0.552
0.0024096,1.78,0.536
0.0024127999999999992,1.76,0.536
0.0024159999999999993,1.76,0.536
0.0024191999999999994,1.78,0.544
0.0024223999999999995,1.76,0.544
0.0024255999999999995,1.78,0.56
0.0024287999999999996,1.78,0.536
0.0024319999999999997,1.76,0.5680000000000001
0.0024351999999999998,1.78,0.536
0.0024384,1.76,0.536
0.0024416,1.78,0.536
0.0024448,1.78,0.536
0.0024479999999999992,1.76,0.5680000000000001
0.0024511999999999993,1.78,0.536
0.0024543999999999994,1.76,0.56
0.0024575999999999995,1.8,0.536
0.0024607999999999995,1.78,0.528
0.0024639999999999996,1.78,0.544
0.0024671999999999997,1.74,0.536
0.0024703999999999998,1.76,0.584
0.0024736,1.76,0.544
0.0024768,1.78,0.56
0.00248,1.76,0.552
0.002483199999999999,1.78,0.544
0.0024863999999999993,1.78,0.536
0.0024895999999999994,1.78,0.544
0.0024927999999999994,1.78,0.528
0.0024959999999999995,1.78,0.552
0.0024991999999999996,1.8,0.544
0.0025023999999999997,1.78,0.544
0.0025055999999999998,1.76,0.544
0.0025088,1.76,0.52
0.002512,1.76,0.552
0.0025152,1.78,0.512
0.002518399999999999,1.78,0.536
0.0025215999999999993,1.78,0.552
0.0025247999999999994,1.78,0.544
0.0025279999999999994,1.8,0.544
0.0025311999999999995,1.78,0.512
0.0025343999999999996,1.78,0.536
0.0025375999999999997,1.76,0.528
0.0025407999999999997,1.78,0.544
0.002544,1.78,0.56
0.0025472,1.78,0.544
0.0025504,1.78,0.552
0.002553599999999999,1.78,0.52
0.0025567999999999993,1.78,0.536
0.0025599999999999993,1.78,0.52
0.0025631999999999994,1.78,0.536
0.0025663999999999995,1.76,0.552
0.0025695999999999996,1.78,0.56
0.0025727999999999997,1.78,0.544
0.0025759999999999997,1.78,0.56
0.0025792,1.78,0.544
0.0025824,1.78,0.536
0.0025856,1.76,0.544
0.002588799999999999,1.76,0.544
0.0025919999999999993,1.76,0.5680000000000001
0.0025951999999999993,1.78,0.536
0.0025983999999999994,1.78,0.5680000000000001
0.0026015999999999995,1.76,0.536
0.0026047999999999996,1.78,0.536
0.0026079999999999996,1.78,0.544
0.0026111999999999997,1.76,0.528
0.0026144,1.76,0.56
0.0026176,1.76,0.544
0.0026208,1.78,0.56
0.002623999999999999,1.78,0.544
0.0026271999999999992,1.78,0.536
0.0026303999999999993,1.78,0.536
0.0026335999999999994,1.78,0.528
0.0026367999999999995,1.76,0.528
0.0026399999999999996,1.78,0.544
0.0026431999999999996,1.78,0.552
0.0026463999999999997,1.78,0.536
0.0026496,1.78,0.544
0.0026528,1.76,0.52
0.002656,1.76,0.544
0.002659199999999999,1.78,0.52
0.0026623999999999992,1.78,0.536
0.0026655999999999993,1.78,0.544
0.0026687999999999994,1.78,0.56
0.0026719999999999995,1.78,0.544
0.0026751999999999995,1.78,0.512
0.0026783999999999996,1.78,0.544
0.0026815999999999997,1.76,0.512
0.0026847999999999998,1.8,0.536
0.002688,1.78,0.552
0.0026912,1.78,0.544
0.0026944,1.76,0.536
0.0026975999999999992,1.78,0.52
0.0027007999999999993,1.78,0.544
0.0027039999999999994,1.76,0.528
0.0027071999999999995,1.78,0.536
0.0027103999999999995,1.76,0.536
0.0027135999999999996,1.78,0.56
0.0027167999999999997,1.76,0.536
0.0027199999999999998,1.8,0.56
0.0027232,1.8,0.528
0.0027264,1.78,0.528
0.0027296,1.8,0.528
0.002732799999999999,1.76,0.528
0.0027359999999999993,1.8,0.5760000000000001
0.0027391999999999994,1.78,0.544
0.0027423999999999994,1.76,0.56
0.0027455999999999995,1.8,0.536
0.0027487999999999996,1.78,0.528
0.0027519999999999997,1.78,0.544
0.0027551999999999997,1.78,0.528
0.0027584,1.76,0.5760000000000001
0.0027616,1.76,0.536
0.0027648,1.78,0.56
0.002767999999999999,1.78,0.536
0.0027711999999999993,1.76,0.544
0.0027743999999999993,1.76,0.528
0.0027775999999999994,1.76,0.528
0.0027807999999999995,1.78,0.504
0.0027839999999999996,1.76,0.536
0.0027871999999999997,1.78,0.536
0.0027903999999999997,1.76,0.528
0.0027936,1.78,0.544
0.0027968,1.76,0.512
0.0028,1.78,0.544
0.002803199999999999,1.78,0.52
0.0028063999999999993,1.76,0.528
0.0028095999999999993,1.78,0.536
0.0028127999999999994,1.76,0.544
0.0028159999999999995,1.78,0.544
0.0028191999999999996,1.78,0.496
0.0028223999999999996,1.78,0.536
0.0028255999999999997,1.76,0.504
0.0028288,1.76,0.528
0.002832,1.78,0.544
0.0028352,1.78,0.544
0.002838399999999999,1.78,0.544
0.0028415999999999992,1.78,0.528
0.0028447999999999993,1.78,0.528
0.0028479999999999994,1.76,0.52
0.0028511999999999995,1.76,0.536
0.0028543999999999996,1.78,0.544
0.0028575999999999996,1.78,0.544
0.0028607999999999997,1.78,0.536
0.002864,1.76,0.544
0.0028672,1.78,0.544
0.0028704,1.78,0.536
0.002873599999999999,1.78,0.536
0.0028767999999999992,1.78,0.528
0.0028799999999999993,1.8,0.56
0.0028831999999999994,1.78,0.536
0.0028863999999999995,1.76,0.552
0.0028895999999999995,1.76,0.544
0.0028927999999999996,1.78,0.528
0.0028959999999999997,1.78,0.536
0.0028991999999999998,1.78,0.52
0.0029024,1.76,0.552
0.0029056,1.78,0.544
0.002908799999999999,1.78,0.56
0.0029119999999999992,1.78,0.536
0.0029151999999999993,1.76,0.528
0.0029183999999999994,1.78,0.536
0.0029215999999999995,1.78,0.528
0.0029247999999999995,1.76,0.528
0.0029279999999999996,1.78,0.536
0.0029311999999999997,1.78,0.544
0.0029343999999999998,1.78,0.544
0.0029376,1.78,0.536
0.0029408,1.76,0.512
0.002944,1.76,0.536
0.002947199999999999,1.78,0.52
0.0029503999999999993,1.78,0.536
0.0029535999999999994,1.8,0.528
0.0029567999999999994,1.78,0.536
0.0029599999999999995,1.76,0.544
0.0029631999999999996,1.76,0.504
0.0029663999999999997,1.76,0.536
0.0029695999999999998,1.78,0.512
0.0029728,1.78,0.528
0.002976,1.78,0.536
0.0029792,1.78,0.536
0.002982399999999999,1.78,0.536
0.0029855999999999993,1.78,0.52
0.0029887999999999994,1.78,0.52
0.0029919999999999994,1.78,0.52
0.0029951999999999995,1.76,0.528
0.0029983999999999996,1.76,0.536
0.0030015999999999997,1.8,0.544
0.0030047999999999997,1.76,0.536
0.003008,1.78,0.544
0.0030112,1.78,0.528
0.0030144,1.78,0.536
0.003017599999999999,1.78,0.544
0.0030207999999999993,1.76,0.528
0.0030239999999999993,1.78,0.552
0.0030271999999999994,1.78,0.528
0.0030303999999999995,1.76,0.56
0.0030335999999999996,1.78,0.536
0.0030367999999999997,1.76,0.52
0.0030399999999999997,1.76,0.528
0.0030432,1.78,0.52
0.0030464,1.76,0.52
0.0030496,1.78,0.544
0.003052799999999999,1.78,0.544
0.0030559999999999993,1.76,0.536
0.0030591999999999993,1.78,0.544
0.0030623999999999994,1.76,0.536
0.0030655999999999995,1.76,0.52
0.0030687999999999996,1.76,0.52
0.0030719999999999996,1.78,0.536
0.0030751999999999997,1.78,0.544
0.0030784,1.76,0.528
0.0030816,1.78,0.536
0.0030848,1.76,0.504
0.003087999999999999,1.78,0.528
0.0030911999999999992,1.78,0.496
0.0030943999999999993,1.76,0.528
0.0030975999999999994,1.78,0.536
0.0031007999999999995,1.76,0.536
0.0031039999999999996,1.78,0.528
0.0031071999999999996,1.78,0.496
0.0031103999999999997,1.78,0.528
0.0031136,1.78,0.504
0.0031168,1.78,0.528
0.00312,1.76,0.544
0.003123199999999999,1.78,0.536
0.0031263999999999992,1.78,0.536
0.0031295999999999993,1.76,0.504
0.0031327999999999994,1.78,0.528
0.0031359999999999995,1.76,0.528
0.0031391999999999995,1.76,0.528
0.0031423999999999996,1.76,0.536
0.0031455999999999997,1.76,0.536
0.0031487999999999998,1.78,0.536
0.003152,1.78,0.544
0.0031552,1.78,0.512
0.003158399999999999,1.78,0.52
0.0031615999999999992,1.78,0.52
0.0031647999999999993,1.76,0.52
0.0031679999999999994,1.78,0.544
0.0031711999999999995,1.78,0.536
0.0031743999999999995,1.76,0.56
0.0031775999999999996,1.78,0.528
0.0031807999999999997,1.74,0.52
0.0031839999999999998,1.76,0.528
0.0031872,1.76,0.52
0.0031904,1.76,0.544
0.003193599999999999,1.76,0.536
0.003196799999999999,1.78,0.552
